

|Variable              | n_AI| n_Self|AI_Mean_SD     |Self_Mean_SD   |Mean_Diff |CI_95           |t_p   |MW_p  |Hedges_g |Hedges_g_CI    |
|:---------------------|----:|------:|:--------------|:--------------|:---------|:---------------|:-----|:-----|:--------|:--------------|
|年龄（岁）            |   11|     13|24.91 ± 2.55   |23.85 ± 1.63   |1.06      |(-0.82, 2.95)   |0.250 |0.165 |0.49     |(-0.32, 1.31)  |
|身高（cm）            |   11|     13|179.73 ± 7.13  |176.00 ± 4.58  |3.73      |(-1.55, 9.01)   |0.154 |0.123 |0.61     |(-0.21, 1.43)  |
|体重（kg）            |   11|     13|77.54 ± 10.20  |74.27 ± 4.79   |3.27      |(-3.93, 10.47)  |0.346 |0.361 |0.41     |(-0.40, 1.22)  |
|BMI（kg/m²）          |   11|     13|23.91 ± 1.73   |23.97 ± 1.05   |-0.06     |(-1.33, 1.21)   |0.926 |0.531 |-0.04    |(-0.84, 0.76)  |
|体脂率（%）           |   11|     13|15.49 ± 2.19   |15.53 ± 2.09   |-0.04     |(-1.87, 1.79)   |0.964 |0.954 |-0.02    |(-0.82, 0.78)  |
|骨骼肌量（kg）        |   11|     13|37.16 ± 4.79   |35.15 ± 2.35   |2.02      |(-1.38, 5.41)   |0.224 |0.173 |0.53     |(-0.28, 1.35)  |
|去脂体重（kg）        |   11|     13|65.47 ± 8.36   |62.71 ± 3.88   |2.76      |(-3.13, 8.66)   |0.331 |0.303 |0.42     |(-0.39, 1.23)  |
|实际出勤（次/周）     |   11|     13|7.73 ± 0.47    |8.00 ± 0.00    |-0.27     |(-0.59, 0.04)   |0.082 |0.055 |-0.84    |(-1.67, -0.00) |
|基线深蹲 1RM（kg）    |   11|     13|130.68 ± 12.15 |130.77 ± 17.45 |-0.09     |(-12.70, 12.53) |0.989 |0.662 |-0.01    |(-0.81, 0.80)  |
|基线相对 1RM（kg/kg） |   11|     13|1.70 ± 0.19    |1.76 ± 0.23    |-0.06     |(-0.24, 0.12)   |0.492 |0.955 |-0.27    |(-1.08, 0.53)  |
|基线 CMJ 高度（cm）   |   11|     13|59.66 ± 5.23   |60.52 ± 6.27   |-0.85     |(-5.72, 4.02)   |0.720 |0.820 |-0.14    |(-0.95, 0.66)  |
|基线 SJ 高度（cm）    |   11|     13|55.68 ± 4.89   |54.81 ± 4.82   |0.87      |(-3.26, 5.01)   |0.665 |0.569 |0.17     |(-0.63, 0.98)  |
|基线训练自我效能      |   11|     13|65.45 ± 5.09   |65.69 ± 6.91   |-0.24     |(-5.33, 4.86)   |0.924 |0.977 |-0.04    |(-0.84, 0.77)  |
