

|ID   |Group  | g_Δ 深蹲绝对 1RM| diff_Δ 深蹲绝对 1RM| g_Δ CMJ 高度| diff_Δ CMJ 高度| g_Δ SJ 高度| diff_Δ SJ 高度| g_Δ 训练自我效能| diff_Δ 训练自我效能|
|:----|:------|----------------:|-------------------:|------------:|---------------:|-----------:|--------------:|----------------:|-------------------:|
|P001 |AI组   |           0.3592|               1.714|       0.7895|           1.934|      0.3282|        -0.0660|            2.652|              10.062|
|P003 |Self组 |           0.4309|               2.439|       0.8537|           2.177|      0.4149|         0.3483|            2.629|               9.902|
|P004 |AI组   |           0.3964|               2.168|       0.7895|           2.105|      0.3550|         0.2937|            2.652|               9.856|
|P005 |AI组   |           0.3592|               2.083|       1.0317|           2.490|      0.4807|         0.4273|            2.652|               9.910|
|P006 |AI组   |           0.3592|               1.917|       0.8331|           2.078|      0.3670|         0.0537|            2.595|               9.672|
|P007 |AI组   |           0.6645|               3.364|       0.8353|           2.144|      0.6020|         0.7778|            2.595|               9.959|
|P009 |AI组   |           0.5929|               3.118|       0.7645|           1.982|      0.3985|         0.4457|            3.697|              10.778|
|P010 |AI组   |           0.4370|               2.252|       0.9360|           2.386|      0.5397|         0.5961|            2.603|               9.749|
|P011 |AI组   |           0.5929|               3.072|       0.8060|           2.071|      0.3792|         0.3719|            2.622|               9.945|
|P012 |Self组 |           0.3988|               1.879|       0.7742|           1.989|      0.3722|         0.1869|            2.605|               9.744|
|P013 |Self组 |           0.4674|               2.604|       1.0958|           2.562|      0.5541|         0.5888|            2.657|              10.036|
|P014 |Self组 |           0.4674|               1.827|       0.7898|           1.729|      0.5396|         0.4703|            2.610|               9.702|
|P015 |Self组 |           0.6176|               3.155|       0.7732|           2.050|      0.2746|         0.2078|            4.024|              10.659|
|P016 |AI组   |           0.5929|               3.118|       1.2199|           2.725|      0.6139|         0.6970|            2.622|               9.742|
|P018 |AI组   |           0.5333|               2.776|       0.7212|           1.723|      0.3985|         0.3639|            2.595|               9.649|
|P019 |Self组 |           0.5093|               2.540|       0.8433|           2.229|      0.4113|         0.4016|            2.605|               9.721|
|P020 |Self组 |           0.4309|               2.439|       0.8537|           2.162|      0.4005|         0.2721|            2.612|               9.770|
|P021 |Self组 |           0.4674|               2.604|       0.7655|           1.806|      0.4871|         0.5561|            2.629|               9.938|
|P023 |Self组 |           0.4309|               2.364|       0.8467|           2.169|      0.4113|         0.3789|            2.612|               9.823|
|P025 |AI组   |           0.2917|               1.520|       0.7904|           2.143|      0.2739|         0.3160|            2.599|               9.402|
|P027 |Self组 |           0.4309|               2.513|       0.8467|           2.179|      0.4040|         0.3910|            2.612|               9.731|
|P029 |Self组 |           0.3988|               2.216|       0.8502|           2.264|      0.4187|         0.4703|            2.612|               9.707|
|P030 |Self组 |           0.5093|               2.738|       0.8684|           2.303|      0.4224|         0.4648|            2.612|               9.751|
|P034 |Self组 |           0.3988|               2.054|       0.8646|           2.282|      0.4187|         0.4377|            2.629|               9.858|
