

|Session | n_Self组| n_AI组| 均值_Self组| 均值_AI组| SD_Self组| SD_AI组|  差值.x|  差值.y|  CI_lo| CI_hi|p值   |
|:-------|--------:|------:|-----------:|---------:|---------:|-------:|-------:|-------:|------:|-----:|:-----|
|S1      |       13|     11|       18.54|     19.91|     1.761|   4.949|  1.3706| -1.3706| -3.777| 1.036|0.261 |
|S2      |       13|     11|       19.62|     20.91|     1.261|   3.081|  1.2937| -1.2937| -3.700| 1.113|0.289 |
|S3      |       13|     11|       20.15|     20.86|     1.214|   3.332|  0.7098| -0.7098| -3.117| 1.697|0.560 |
|S4      |       13|     11|       20.54|     21.45|     1.127|   1.863|  0.9161| -0.9161| -3.323| 1.491|0.452 |
|S5      |       13|     11|       20.46|     21.09|     1.713|   5.243|  0.6294| -0.6294| -3.036| 1.777|0.605 |
|S6      |       13|     11|       20.85|     20.82|     1.725|   2.483| -0.0280|  0.0280| -2.379| 2.435|0.982 |
|S7      |       13|     11|       19.38|     19.64|     1.758|   4.342|  0.2517| -0.2517| -2.659| 2.155|0.836 |
|S8      |       13|     11|       18.62|     18.45|     1.895|   5.429| -0.1608|  0.1608| -2.246| 2.568|0.895 |
