

|  n|预测变量             | rho_Δ绝对1RM| rho_ΔCMJ| rho_ΔSJ| rho_Δ自我效能| p_Δ绝对1RM| p_ΔCMJ|  p_ΔSJ| p_Δ自我效能| p_fdr_Δ绝对1RM| p_fdr_ΔCMJ| p_fdr_ΔSJ| p_fdr_Δ自我效能|
|--:|:--------------------|------------:|--------:|-------:|-------------:|----------:|------:|------:|-----------:|--------------:|----------:|---------:|---------------:|
| 24|总外部负荷（kg）     |       0.4414|  -0.1274|  0.3380|       -0.0777|     0.0308| 0.5529| 0.1062|      0.7184|         0.1233|     0.7372|    0.2839|          0.8381|
| 24|总重复次数           |       0.2168|   0.0588|  0.5029|       -0.3333|     0.3089| 0.7848| 0.0123|      0.1115|         0.5406|     0.8415|    0.1115|          0.2839|
| 24|总组数               |       0.3125|   0.0547|  0.4789|       -0.1907|     0.1370| 0.7995| 0.0179|      0.3720|         0.3197|     0.8415|    0.1115|          0.6127|
| 24|每重复平均负荷（kg） |       0.3416|  -0.1709|  0.1784|        0.0175|     0.1024| 0.4245| 0.4043|      0.9351|         0.2839|     0.6256|    0.6256|          0.9351|
| 24|平均sRPE             |      -0.3546|   0.0514| -0.4719|        0.0867|     0.0891| 0.8115| 0.0199|      0.6871|         0.2839|     0.8415|    0.1115|          0.8364|
| 24|平均Hooper           |      -0.4550|   0.2524| -0.2418|        0.2981|     0.0255| 0.2341| 0.2550|      0.1571|         0.1189|     0.4682|    0.4761|          0.3384|
| 24|总训练时长（min）    |       0.5331|   0.1017|  0.4943|        0.1513|     0.0073| 0.6362| 0.0141|      0.4805|         0.1115|     0.8097|    0.1115|          0.6727|
